Suite/Test/Step Name,Browser,Description,Tag,Start time,End time,Duration,Status
simple case,Chrome 112.0.0.0,,,2023-05-12 15:13:29,2023-05-12 15:17:33,4m - 4.503s,PASSED
,,,,,,,
Test Cases/test-flow-1-buy-1-product,Chrome 112.0.0.0,,,2023-05-12 15:13:29,2023-05-12 15:13:43,14.156s,PASSED
"openBrowser(""https://www.saucedemo.com/"")",Chrome 112.0.0.0,,,2023-05-12 15:13:29,2023-05-12 15:13:34,4.238s,PASSED
"click(findTestObject(""Object Repository/Page_Swag Labs/input_Swag Labs_user-name""))",Chrome 112.0.0.0,,,2023-05-12 15:13:34,2023-05-12 15:13:34,0.496s,PASSED
"sendKeys(findTestObject(""Object Repository/Page_Swag Labs/input_Swag Labs_user-name""), ""standard_user"")",Chrome 112.0.0.0,,,2023-05-12 15:13:34,2023-05-12 15:13:35,0.423s,PASSED
"click(findTestObject(""Object Repository/Page_Swag Labs/input_Swag Labs_password""))",Chrome 112.0.0.0,,,2023-05-12 15:13:35,2023-05-12 15:13:35,0.355s,PASSED
"sendKeys(findTestObject(""Object Repository/Page_Swag Labs/input_Swag Labs_password""), ""secret_sauce"")",Chrome 112.0.0.0,,,2023-05-12 15:13:35,2023-05-12 15:13:35,0.373s,PASSED
"click(findTestObject(""Object Repository/Page_Swag Labs/input_Swag Labs_login-button""))",Chrome 112.0.0.0,,,2023-05-12 15:13:35,2023-05-12 15:13:36,0.497s,PASSED
"click(findTestObject(""Object Repository/inventoryPage/Backpack""))",Chrome 112.0.0.0,,,2023-05-12 15:13:36,2023-05-12 15:13:36,0.536s,PASSED
"click(findTestObject(""Object Repository/inventoryPage/button_Add to cart""))",Chrome 112.0.0.0,,,2023-05-12 15:13:36,2023-05-12 15:13:37,0.507s,PASSED
"click(findTestObject(""Object Repository/inventoryPage/products_back-image""))",Chrome 112.0.0.0,,,2023-05-12 15:13:37,2023-05-12 15:13:37,0.473s,PASSED
"click(findTestObject(""Object Repository/inventoryPage/cart""))",Chrome 112.0.0.0,,,2023-05-12 15:13:37,2023-05-12 15:13:38,0.477s,PASSED
"click(findTestObject(""Object Repository/CheckoutPage/button_Checkout""))",Chrome 112.0.0.0,,,2023-05-12 15:13:38,2023-05-12 15:13:38,0.491s,PASSED
"sendKeys(findTestObject(""Object Repository/checkout-step-one/input_Checkout Your Information_firstName""), ""demo"")",Chrome 112.0.0.0,,,2023-05-12 15:13:38,2023-05-12 15:13:39,0.488s,PASSED
"sendKeys(findTestObject(""Object Repository/checkout-step-one/input_Checkout Your Information_lastName""), ""qa test"")",Chrome 112.0.0.0,,,2023-05-12 15:13:39,2023-05-12 15:13:39,0.485s,PASSED
"sendKeys(findTestObject(""Object Repository/checkout-step-one/input_Checkout Your Information_postalCode""), ""9000"")",Chrome 112.0.0.0,,,2023-05-12 15:13:39,2023-05-12 15:13:40,0.517s,PASSED
"click(findTestObject(""Object Repository/checkout-step-one/input_continue""))",Chrome 112.0.0.0,,,2023-05-12 15:13:40,2023-05-12 15:13:40,0.578s,PASSED
"click(findTestObject(""Object Repository/finish checkout/button_Finish""))",Chrome 112.0.0.0,,,2023-05-12 15:13:40,2023-05-12 15:13:41,0.466s,PASSED
"verifyElementVisible(findTestObject(""Object Repository/order-success/h2_Thank you for your order""))",Chrome 112.0.0.0,,,2023-05-12 15:13:41,2023-05-12 15:13:41,0.462s,PASSED
"click(findTestObject(""Object Repository/NavSideBar/sidebar""))",Chrome 112.0.0.0,,,2023-05-12 15:13:41,2023-05-12 15:13:42,0.341s,PASSED
"click(findTestObject(""Object Repository/NavSideBar/a_Logout""))",Chrome 112.0.0.0,,,2023-05-12 15:13:42,2023-05-12 15:13:42,0.465s,PASSED
"verifyElementVisible(findTestObject(""Object Repository/Page_Swag Labs/input_Swag Labs_user-name""))",Chrome 112.0.0.0,,,2023-05-12 15:13:42,2023-05-12 15:13:43,0.451s,PASSED
closeBrowser(),Chrome 112.0.0.0,,,2023-05-12 15:13:43,2023-05-12 15:13:43,0.823s,PASSED
,,,,,,,
Test Cases/test-flow-1-buy-1-product,Chrome 112.0.0.0,,,2023-05-12 15:13:43,2023-05-12 15:13:55,12.003s,PASSED
"openBrowser(""https://www.saucedemo.com/"")",Chrome 112.0.0.0,,,2023-05-12 15:13:43,2023-05-12 15:13:46,2.244s,PASSED
"click(findTestObject(""Object Repository/Page_Swag Labs/input_Swag Labs_user-name""))",Chrome 112.0.0.0,,,2023-05-12 15:13:46,2023-05-12 15:13:46,0.400s,PASSED
"sendKeys(findTestObject(""Object Repository/Page_Swag Labs/input_Swag Labs_user-name""), ""standard_user"")",Chrome 112.0.0.0,,,2023-05-12 15:13:46,2023-05-12 15:13:46,0.371s,PASSED
"click(findTestObject(""Object Repository/Page_Swag Labs/input_Swag Labs_password""))",Chrome 112.0.0.0,,,2023-05-12 15:13:46,2023-05-12 15:13:47,0.398s,PASSED
"sendKeys(findTestObject(""Object Repository/Page_Swag Labs/input_Swag Labs_password""), ""secret_sauce"")",Chrome 112.0.0.0,,,2023-05-12 15:13:47,2023-05-12 15:13:47,0.369s,PASSED
"click(findTestObject(""Object Repository/Page_Swag Labs/input_Swag Labs_login-button""))",Chrome 112.0.0.0,,,2023-05-12 15:13:47,2023-05-12 15:13:48,0.423s,PASSED
"click(findTestObject(""Object Repository/inventoryPage/Backpack""))",Chrome 112.0.0.0,,,2023-05-12 15:13:48,2023-05-12 15:13:48,0.504s,PASSED
"click(findTestObject(""Object Repository/inventoryPage/button_Add to cart""))",Chrome 112.0.0.0,,,2023-05-12 15:13:48,2023-05-12 15:13:49,0.497s,PASSED
"click(findTestObject(""Object Repository/inventoryPage/products_back-image""))",Chrome 112.0.0.0,,,2023-05-12 15:13:49,2023-05-12 15:13:49,0.475s,PASSED
"click(findTestObject(""Object Repository/inventoryPage/cart""))",Chrome 112.0.0.0,,,2023-05-12 15:13:49,2023-05-12 15:13:50,0.512s,PASSED
"click(findTestObject(""Object Repository/CheckoutPage/button_Checkout""))",Chrome 112.0.0.0,,,2023-05-12 15:13:50,2023-05-12 15:13:50,0.507s,PASSED
"sendKeys(findTestObject(""Object Repository/checkout-step-one/input_Checkout Your Information_firstName""), ""demo"")",Chrome 112.0.0.0,,,2023-05-12 15:13:50,2023-05-12 15:13:51,0.548s,PASSED
"sendKeys(findTestObject(""Object Repository/checkout-step-one/input_Checkout Your Information_lastName""), ""qa test"")",Chrome 112.0.0.0,,,2023-05-12 15:13:51,2023-05-12 15:13:51,0.540s,PASSED
"sendKeys(findTestObject(""Object Repository/checkout-step-one/input_Checkout Your Information_postalCode""), ""9000"")",Chrome 112.0.0.0,,,2023-05-12 15:13:51,2023-05-12 15:13:52,0.554s,PASSED
"click(findTestObject(""Object Repository/checkout-step-one/input_continue""))",Chrome 112.0.0.0,,,2023-05-12 15:13:52,2023-05-12 15:13:52,0.513s,PASSED
"click(findTestObject(""Object Repository/finish checkout/button_Finish""))",Chrome 112.0.0.0,,,2023-05-12 15:13:52,2023-05-12 15:13:53,0.566s,PASSED
"verifyElementVisible(findTestObject(""Object Repository/order-success/h2_Thank you for your order""))",Chrome 112.0.0.0,,,2023-05-12 15:13:53,2023-05-12 15:13:53,0.494s,PASSED
"click(findTestObject(""Object Repository/NavSideBar/sidebar""))",Chrome 112.0.0.0,,,2023-05-12 15:13:53,2023-05-12 15:13:54,0.361s,PASSED
"click(findTestObject(""Object Repository/NavSideBar/a_Logout""))",Chrome 112.0.0.0,,,2023-05-12 15:13:54,2023-05-12 15:13:54,0.488s,PASSED
"verifyElementVisible(findTestObject(""Object Repository/Page_Swag Labs/input_Swag Labs_user-name""))",Chrome 112.0.0.0,,,2023-05-12 15:13:54,2023-05-12 15:13:55,0.446s,PASSED
closeBrowser(),Chrome 112.0.0.0,,,2023-05-12 15:13:55,2023-05-12 15:13:55,0.781s,PASSED
,,,,,,,
Test Cases/test-flow-1-buy-1-product,Chrome 112.0.0.0,,,2023-05-12 15:13:55,2023-05-12 15:14:07,12.074s,PASSED
"openBrowser(""https://www.saucedemo.com/"")",Chrome 112.0.0.0,,,2023-05-12 15:13:55,2023-05-12 15:13:58,2.610s,PASSED
"click(findTestObject(""Object Repository/Page_Swag Labs/input_Swag Labs_user-name""))",Chrome 112.0.0.0,,,2023-05-12 15:13:58,2023-05-12 15:13:58,0.400s,PASSED
"sendKeys(findTestObject(""Object Repository/Page_Swag Labs/input_Swag Labs_user-name""), ""standard_user"")",Chrome 112.0.0.0,,,2023-05-12 15:13:58,2023-05-12 15:13:59,0.381s,PASSED
"click(findTestObject(""Object Repository/Page_Swag Labs/input_Swag Labs_password""))",Chrome 112.0.0.0,,,2023-05-12 15:13:59,2023-05-12 15:13:59,0.356s,PASSED
"sendKeys(findTestObject(""Object Repository/Page_Swag Labs/input_Swag Labs_password""), ""secret_sauce"")",Chrome 112.0.0.0,,,2023-05-12 15:13:59,2023-05-12 15:14:00,0.339s,PASSED
"click(findTestObject(""Object Repository/Page_Swag Labs/input_Swag Labs_login-button""))",Chrome 112.0.0.0,,,2023-05-12 15:14:00,2023-05-12 15:14:00,0.398s,PASSED
"click(findTestObject(""Object Repository/inventoryPage/Backpack""))",Chrome 112.0.0.0,,,2023-05-12 15:14:00,2023-05-12 15:14:00,0.512s,PASSED
"click(findTestObject(""Object Repository/inventoryPage/button_Add to cart""))",Chrome 112.0.0.0,,,2023-05-12 15:14:00,2023-05-12 15:14:01,0.489s,PASSED
"click(findTestObject(""Object Repository/inventoryPage/products_back-image""))",Chrome 112.0.0.0,,,2023-05-12 15:14:01,2023-05-12 15:14:01,0.476s,PASSED
"click(findTestObject(""Object Repository/inventoryPage/cart""))",Chrome 112.0.0.0,,,2023-05-12 15:14:01,2023-05-12 15:14:02,0.479s,PASSED
"click(findTestObject(""Object Repository/CheckoutPage/button_Checkout""))",Chrome 112.0.0.0,,,2023-05-12 15:14:02,2023-05-12 15:14:02,0.462s,PASSED
"sendKeys(findTestObject(""Object Repository/checkout-step-one/input_Checkout Your Information_firstName""), ""demo"")",Chrome 112.0.0.0,,,2023-05-12 15:14:02,2023-05-12 15:14:03,0.520s,PASSED
"sendKeys(findTestObject(""Object Repository/checkout-step-one/input_Checkout Your Information_lastName""), ""qa test"")",Chrome 112.0.0.0,,,2023-05-12 15:14:03,2023-05-12 15:14:03,0.527s,PASSED
"sendKeys(findTestObject(""Object Repository/checkout-step-one/input_Checkout Your Information_postalCode""), ""9000"")",Chrome 112.0.0.0,,,2023-05-12 15:14:03,2023-05-12 15:14:04,0.482s,PASSED
"click(findTestObject(""Object Repository/checkout-step-one/input_continue""))",Chrome 112.0.0.0,,,2023-05-12 15:14:04,2023-05-12 15:14:04,0.478s,PASSED
"click(findTestObject(""Object Repository/finish checkout/button_Finish""))",Chrome 112.0.0.0,,,2023-05-12 15:14:04,2023-05-12 15:14:05,0.567s,PASSED
"verifyElementVisible(findTestObject(""Object Repository/order-success/h2_Thank you for your order""))",Chrome 112.0.0.0,,,2023-05-12 15:14:05,2023-05-12 15:14:05,0.554s,PASSED
"click(findTestObject(""Object Repository/NavSideBar/sidebar""))",Chrome 112.0.0.0,,,2023-05-12 15:14:05,2023-05-12 15:14:06,0.340s,PASSED
"click(findTestObject(""Object Repository/NavSideBar/a_Logout""))",Chrome 112.0.0.0,,,2023-05-12 15:14:06,2023-05-12 15:14:06,0.469s,PASSED
"verifyElementVisible(findTestObject(""Object Repository/Page_Swag Labs/input_Swag Labs_user-name""))",Chrome 112.0.0.0,,,2023-05-12 15:14:06,2023-05-12 15:14:07,0.447s,PASSED
closeBrowser(),Chrome 112.0.0.0,,,2023-05-12 15:14:07,2023-05-12 15:14:07,0.779s,PASSED
,,,,,,,
Test Cases/test-flow-1-buy-1-product,Chrome 112.0.0.0,,,2023-05-12 15:14:07,2023-05-12 15:14:20,12.053s,PASSED
"openBrowser(""https://www.saucedemo.com/"")",Chrome 112.0.0.0,,,2023-05-12 15:14:08,2023-05-12 15:14:10,2.403s,PASSED
"click(findTestObject(""Object Repository/Page_Swag Labs/input_Swag Labs_user-name""))",Chrome 112.0.0.0,,,2023-05-12 15:14:10,2023-05-12 15:14:10,0.381s,PASSED
"sendKeys(findTestObject(""Object Repository/Page_Swag Labs/input_Swag Labs_user-name""), ""standard_user"")",Chrome 112.0.0.0,,,2023-05-12 15:14:10,2023-05-12 15:14:11,0.361s,PASSED
"click(findTestObject(""Object Repository/Page_Swag Labs/input_Swag Labs_password""))",Chrome 112.0.0.0,,,2023-05-12 15:14:11,2023-05-12 15:14:11,0.356s,PASSED
"sendKeys(findTestObject(""Object Repository/Page_Swag Labs/input_Swag Labs_password""), ""secret_sauce"")",Chrome 112.0.0.0,,,2023-05-12 15:14:11,2023-05-12 15:14:11,0.335s,PASSED
"click(findTestObject(""Object Repository/Page_Swag Labs/input_Swag Labs_login-button""))",Chrome 112.0.0.0,,,2023-05-12 15:14:11,2023-05-12 15:14:12,0.407s,PASSED
"click(findTestObject(""Object Repository/inventoryPage/Backpack""))",Chrome 112.0.0.0,,,2023-05-12 15:14:12,2023-05-12 15:14:12,0.513s,PASSED
"click(findTestObject(""Object Repository/inventoryPage/button_Add to cart""))",Chrome 112.0.0.0,,,2023-05-12 15:14:12,2023-05-12 15:14:13,0.481s,PASSED
"click(findTestObject(""Object Repository/inventoryPage/products_back-image""))",Chrome 112.0.0.0,,,2023-05-12 15:14:13,2023-05-12 15:14:13,0.488s,PASSED
"click(findTestObject(""Object Repository/inventoryPage/cart""))",Chrome 112.0.0.0,,,2023-05-12 15:14:13,2023-05-12 15:14:14,0.566s,PASSED
"click(findTestObject(""Object Repository/CheckoutPage/button_Checkout""))",Chrome 112.0.0.0,,,2023-05-12 15:14:14,2023-05-12 15:14:14,0.469s,PASSED
"sendKeys(findTestObject(""Object Repository/checkout-step-one/input_Checkout Your Information_firstName""), ""demo"")",Chrome 112.0.0.0,,,2023-05-12 15:14:14,2023-05-12 15:14:15,0.506s,PASSED
"sendKeys(findTestObject(""Object Repository/checkout-step-one/input_Checkout Your Information_lastName""), ""qa test"")",Chrome 112.0.0.0,,,2023-05-12 15:14:15,2023-05-12 15:14:15,0.484s,PASSED
"sendKeys(findTestObject(""Object Repository/checkout-step-one/input_Checkout Your Information_postalCode""), ""9000"")",Chrome 112.0.0.0,,,2023-05-12 15:14:15,2023-05-12 15:14:16,0.571s,PASSED
"click(findTestObject(""Object Repository/checkout-step-one/input_continue""))",Chrome 112.0.0.0,,,2023-05-12 15:14:16,2023-05-12 15:14:16,0.595s,PASSED
"click(findTestObject(""Object Repository/finish checkout/button_Finish""))",Chrome 112.0.0.0,,,2023-05-12 15:14:16,2023-05-12 15:14:17,0.467s,PASSED
"verifyElementVisible(findTestObject(""Object Repository/order-success/h2_Thank you for your order""))",Chrome 112.0.0.0,,,2023-05-12 15:14:17,2023-05-12 15:14:17,0.549s,PASSED
"click(findTestObject(""Object Repository/NavSideBar/sidebar""))",Chrome 112.0.0.0,,,2023-05-12 15:14:17,2023-05-12 15:14:18,0.340s,PASSED
"click(findTestObject(""Object Repository/NavSideBar/a_Logout""))",Chrome 112.0.0.0,,,2023-05-12 15:14:18,2023-05-12 15:14:18,0.451s,PASSED
"verifyElementVisible(findTestObject(""Object Repository/Page_Swag Labs/input_Swag Labs_user-name""))",Chrome 112.0.0.0,,,2023-05-12 15:14:18,2023-05-12 15:14:19,0.545s,PASSED
closeBrowser(),Chrome 112.0.0.0,,,2023-05-12 15:14:19,2023-05-12 15:14:20,0.766s,PASSED
,,,,,,,
Test Cases/test-flow-1-buy-1-product,Chrome 112.0.0.0,,,2023-05-12 15:14:20,2023-05-12 15:14:31,11.599s,PASSED
"openBrowser(""https://www.saucedemo.com/"")",Chrome 112.0.0.0,,,2023-05-12 15:14:20,2023-05-12 15:14:22,2.116s,PASSED
"click(findTestObject(""Object Repository/Page_Swag Labs/input_Swag Labs_user-name""))",Chrome 112.0.0.0,,,2023-05-12 15:14:22,2023-05-12 15:14:22,0.360s,PASSED
"sendKeys(findTestObject(""Object Repository/Page_Swag Labs/input_Swag Labs_user-name""), ""standard_user"")",Chrome 112.0.0.0,,,2023-05-12 15:14:22,2023-05-12 15:14:22,0.359s,PASSED
"click(findTestObject(""Object Repository/Page_Swag Labs/input_Swag Labs_password""))",Chrome 112.0.0.0,,,2023-05-12 15:14:22,2023-05-12 15:14:23,0.348s,PASSED
"sendKeys(findTestObject(""Object Repository/Page_Swag Labs/input_Swag Labs_password""), ""secret_sauce"")",Chrome 112.0.0.0,,,2023-05-12 15:14:23,2023-05-12 15:14:23,0.344s,PASSED
"click(findTestObject(""Object Repository/Page_Swag Labs/input_Swag Labs_login-button""))",Chrome 112.0.0.0,,,2023-05-12 15:14:23,2023-05-12 15:14:23,0.401s,PASSED
"click(findTestObject(""Object Repository/inventoryPage/Backpack""))",Chrome 112.0.0.0,,,2023-05-12 15:14:23,2023-05-12 15:14:24,0.504s,PASSED
"click(findTestObject(""Object Repository/inventoryPage/button_Add to cart""))",Chrome 112.0.0.0,,,2023-05-12 15:14:24,2023-05-12 15:14:24,0.480s,PASSED
"click(findTestObject(""Object Repository/inventoryPage/products_back-image""))",Chrome 112.0.0.0,,,2023-05-12 15:14:24,2023-05-12 15:14:25,0.486s,PASSED
"click(findTestObject(""Object Repository/inventoryPage/cart""))",Chrome 112.0.0.0,,,2023-05-12 15:14:25,2023-05-12 15:14:25,0.476s,PASSED
"click(findTestObject(""Object Repository/CheckoutPage/button_Checkout""))",Chrome 112.0.0.0,,,2023-05-12 15:14:25,2023-05-12 15:14:26,0.478s,PASSED
"sendKeys(findTestObject(""Object Repository/checkout-step-one/input_Checkout Your Information_firstName""), ""demo"")",Chrome 112.0.0.0,,,2023-05-12 15:14:26,2023-05-12 15:14:26,0.514s,PASSED
"sendKeys(findTestObject(""Object Repository/checkout-step-one/input_Checkout Your Information_lastName""), ""qa test"")",Chrome 112.0.0.0,,,2023-05-12 15:14:26,2023-05-12 15:14:27,0.505s,PASSED
"sendKeys(findTestObject(""Object Repository/checkout-step-one/input_Checkout Your Information_postalCode""), ""9000"")",Chrome 112.0.0.0,,,2023-05-12 15:14:27,2023-05-12 15:14:27,0.484s,PASSED
"click(findTestObject(""Object Repository/checkout-step-one/input_continue""))",Chrome 112.0.0.0,,,2023-05-12 15:14:27,2023-05-12 15:14:28,0.575s,PASSED
"click(findTestObject(""Object Repository/finish checkout/button_Finish""))",Chrome 112.0.0.0,,,2023-05-12 15:14:28,2023-05-12 15:14:29,0.560s,PASSED
"verifyElementVisible(findTestObject(""Object Repository/order-success/h2_Thank you for your order""))",Chrome 112.0.0.0,,,2023-05-12 15:14:29,2023-05-12 15:14:29,0.447s,PASSED
"click(findTestObject(""Object Repository/NavSideBar/sidebar""))",Chrome 112.0.0.0,,,2023-05-12 15:14:29,2023-05-12 15:14:29,0.355s,PASSED
"click(findTestObject(""Object Repository/NavSideBar/a_Logout""))",Chrome 112.0.0.0,,,2023-05-12 15:14:29,2023-05-12 15:14:30,0.454s,PASSED
"verifyElementVisible(findTestObject(""Object Repository/Page_Swag Labs/input_Swag Labs_user-name""))",Chrome 112.0.0.0,,,2023-05-12 15:14:30,2023-05-12 15:14:30,0.546s,PASSED
closeBrowser(),Chrome 112.0.0.0,,,2023-05-12 15:14:30,2023-05-12 15:14:31,0.795s,PASSED
,,,,,,,
Test Cases/test-flow-1-buy-1-product,Chrome 112.0.0.0,,,2023-05-12 15:14:31,2023-05-12 15:14:43,11.863s,PASSED
"openBrowser(""https://www.saucedemo.com/"")",Chrome 112.0.0.0,,,2023-05-12 15:14:31,2023-05-12 15:14:33,2.294s,PASSED
"click(findTestObject(""Object Repository/Page_Swag Labs/input_Swag Labs_user-name""))",Chrome 112.0.0.0,,,2023-05-12 15:14:33,2023-05-12 15:14:34,0.375s,PASSED
"sendKeys(findTestObject(""Object Repository/Page_Swag Labs/input_Swag Labs_user-name""), ""standard_user"")",Chrome 112.0.0.0,,,2023-05-12 15:14:34,2023-05-12 15:14:34,0.358s,PASSED
"click(findTestObject(""Object Repository/Page_Swag Labs/input_Swag Labs_password""))",Chrome 112.0.0.0,,,2023-05-12 15:14:34,2023-05-12 15:14:35,0.339s,PASSED
"sendKeys(findTestObject(""Object Repository/Page_Swag Labs/input_Swag Labs_password""), ""secret_sauce"")",Chrome 112.0.0.0,,,2023-05-12 15:14:35,2023-05-12 15:14:35,0.338s,PASSED
"click(findTestObject(""Object Repository/Page_Swag Labs/input_Swag Labs_login-button""))",Chrome 112.0.0.0,,,2023-05-12 15:14:35,2023-05-12 15:14:35,0.417s,PASSED
"click(findTestObject(""Object Repository/inventoryPage/Backpack""))",Chrome 112.0.0.0,,,2023-05-12 15:14:35,2023-05-12 15:14:36,0.522s,PASSED
"click(findTestObject(""Object Repository/inventoryPage/button_Add to cart""))",Chrome 112.0.0.0,,,2023-05-12 15:14:36,2023-05-12 15:14:36,0.521s,PASSED
"click(findTestObject(""Object Repository/inventoryPage/products_back-image""))",Chrome 112.0.0.0,,,2023-05-12 15:14:36,2023-05-12 15:14:37,0.505s,PASSED
"click(findTestObject(""Object Repository/inventoryPage/cart""))",Chrome 112.0.0.0,,,2023-05-12 15:14:37,2023-05-12 15:14:37,0.495s,PASSED
"click(findTestObject(""Object Repository/CheckoutPage/button_Checkout""))",Chrome 112.0.0.0,,,2023-05-12 15:14:37,2023-05-12 15:14:38,0.475s,PASSED
"sendKeys(findTestObject(""Object Repository/checkout-step-one/input_Checkout Your Information_firstName""), ""demo"")",Chrome 112.0.0.0,,,2023-05-12 15:14:38,2023-05-12 15:14:38,0.539s,PASSED
"sendKeys(findTestObject(""Object Repository/checkout-step-one/input_Checkout Your Information_lastName""), ""qa test"")",Chrome 112.0.0.0,,,2023-05-12 15:14:38,2023-05-12 15:14:39,0.561s,PASSED
"sendKeys(findTestObject(""Object Repository/checkout-step-one/input_Checkout Your Information_postalCode""), ""9000"")",Chrome 112.0.0.0,,,2023-05-12 15:14:39,2023-05-12 15:14:39,0.488s,PASSED
"click(findTestObject(""Object Repository/checkout-step-one/input_continue""))",Chrome 112.0.0.0,,,2023-05-12 15:14:39,2023-05-12 15:14:40,0.468s,PASSED
"click(findTestObject(""Object Repository/finish checkout/button_Finish""))",Chrome 112.0.0.0,,,2023-05-12 15:14:40,2023-05-12 15:14:40,0.575s,PASSED
"verifyElementVisible(findTestObject(""Object Repository/order-success/h2_Thank you for your order""))",Chrome 112.0.0.0,,,2023-05-12 15:14:40,2023-05-12 15:14:41,0.468s,PASSED
"click(findTestObject(""Object Repository/NavSideBar/sidebar""))",Chrome 112.0.0.0,,,2023-05-12 15:14:41,2023-05-12 15:14:41,0.344s,PASSED
"click(findTestObject(""Object Repository/NavSideBar/a_Logout""))",Chrome 112.0.0.0,,,2023-05-12 15:14:41,2023-05-12 15:14:42,0.506s,PASSED
"verifyElementVisible(findTestObject(""Object Repository/Page_Swag Labs/input_Swag Labs_user-name""))",Chrome 112.0.0.0,,,2023-05-12 15:14:42,2023-05-12 15:14:42,0.455s,PASSED
closeBrowser(),Chrome 112.0.0.0,,,2023-05-12 15:14:42,2023-05-12 15:14:43,0.810s,PASSED
,,,,,,,
Test Cases/test-flow-1-buy-1-product,Chrome 112.0.0.0,,,2023-05-12 15:14:43,2023-05-12 15:14:55,12.063s,PASSED
"openBrowser(""https://www.saucedemo.com/"")",Chrome 112.0.0.0,,,2023-05-12 15:14:43,2023-05-12 15:14:45,2.223s,PASSED
"click(findTestObject(""Object Repository/Page_Swag Labs/input_Swag Labs_user-name""))",Chrome 112.0.0.0,,,2023-05-12 15:14:45,2023-05-12 15:14:46,0.404s,PASSED
"sendKeys(findTestObject(""Object Repository/Page_Swag Labs/input_Swag Labs_user-name""), ""standard_user"")",Chrome 112.0.0.0,,,2023-05-12 15:14:46,2023-05-12 15:14:46,0.366s,PASSED
"click(findTestObject(""Object Repository/Page_Swag Labs/input_Swag Labs_password""))",Chrome 112.0.0.0,,,2023-05-12 15:14:46,2023-05-12 15:14:46,0.330s,PASSED
"sendKeys(findTestObject(""Object Repository/Page_Swag Labs/input_Swag Labs_password""), ""secret_sauce"")",Chrome 112.0.0.0,,,2023-05-12 15:14:46,2023-05-12 15:14:47,0.350s,PASSED
"click(findTestObject(""Object Repository/Page_Swag Labs/input_Swag Labs_login-button""))",Chrome 112.0.0.0,,,2023-05-12 15:14:47,2023-05-12 15:14:47,0.414s,PASSED
"click(findTestObject(""Object Repository/inventoryPage/Backpack""))",Chrome 112.0.0.0,,,2023-05-12 15:14:47,2023-05-12 15:14:48,0.499s,PASSED
"click(findTestObject(""Object Repository/inventoryPage/button_Add to cart""))",Chrome 112.0.0.0,,,2023-05-12 15:14:48,2023-05-12 15:14:48,0.516s,PASSED
"click(findTestObject(""Object Repository/inventoryPage/products_back-image""))",Chrome 112.0.0.0,,,2023-05-12 15:14:48,2023-05-12 15:14:49,0.493s,PASSED
"click(findTestObject(""Object Repository/inventoryPage/cart""))",Chrome 112.0.0.0,,,2023-05-12 15:14:49,2023-05-12 15:14:49,0.508s,PASSED
"click(findTestObject(""Object Repository/CheckoutPage/button_Checkout""))",Chrome 112.0.0.0,,,2023-05-12 15:14:49,2023-05-12 15:14:50,0.498s,PASSED
"sendKeys(findTestObject(""Object Repository/checkout-step-one/input_Checkout Your Information_firstName""), ""demo"")",Chrome 112.0.0.0,,,2023-05-12 15:14:50,2023-05-12 15:14:50,0.526s,PASSED
"sendKeys(findTestObject(""Object Repository/checkout-step-one/input_Checkout Your Information_lastName""), ""qa test"")",Chrome 112.0.0.0,,,2023-05-12 15:14:50,2023-05-12 15:14:51,0.671s,PASSED
"sendKeys(findTestObject(""Object Repository/checkout-step-one/input_Checkout Your Information_postalCode""), ""9000"")",Chrome 112.0.0.0,,,2023-05-12 15:14:51,2023-05-12 15:14:51,0.492s,PASSED
"click(findTestObject(""Object Repository/checkout-step-one/input_continue""))",Chrome 112.0.0.0,,,2023-05-12 15:14:51,2023-05-12 15:14:52,0.473s,PASSED
"click(findTestObject(""Object Repository/finish checkout/button_Finish""))",Chrome 112.0.0.0,,,2023-05-12 15:14:52,2023-05-12 15:14:52,0.569s,PASSED
"verifyElementVisible(findTestObject(""Object Repository/order-success/h2_Thank you for your order""))",Chrome 112.0.0.0,,,2023-05-12 15:14:52,2023-05-12 15:14:53,0.548s,PASSED
"click(findTestObject(""Object Repository/NavSideBar/sidebar""))",Chrome 112.0.0.0,,,2023-05-12 15:14:53,2023-05-12 15:14:53,0.342s,PASSED
"click(findTestObject(""Object Repository/NavSideBar/a_Logout""))",Chrome 112.0.0.0,,,2023-05-12 15:14:53,2023-05-12 15:14:54,0.557s,PASSED
"verifyElementVisible(findTestObject(""Object Repository/Page_Swag Labs/input_Swag Labs_user-name""))",Chrome 112.0.0.0,,,2023-05-12 15:14:54,2023-05-12 15:14:54,0.455s,PASSED
closeBrowser(),Chrome 112.0.0.0,,,2023-05-12 15:14:54,2023-05-12 15:14:55,0.819s,PASSED
,,,,,,,
Test Cases/test-flow-1-buy-1-product,Chrome 112.0.0.0,,,2023-05-12 15:14:55,2023-05-12 15:15:07,11.976s,PASSED
"openBrowser(""https://www.saucedemo.com/"")",Chrome 112.0.0.0,,,2023-05-12 15:14:55,2023-05-12 15:14:57,2.245s,PASSED
"click(findTestObject(""Object Repository/Page_Swag Labs/input_Swag Labs_user-name""))",Chrome 112.0.0.0,,,2023-05-12 15:14:57,2023-05-12 15:14:58,0.381s,PASSED
"sendKeys(findTestObject(""Object Repository/Page_Swag Labs/input_Swag Labs_user-name""), ""standard_user"")",Chrome 112.0.0.0,,,2023-05-12 15:14:58,2023-05-12 15:14:58,0.374s,PASSED
"click(findTestObject(""Object Repository/Page_Swag Labs/input_Swag Labs_password""))",Chrome 112.0.0.0,,,2023-05-12 15:14:58,2023-05-12 15:14:58,0.367s,PASSED
"sendKeys(findTestObject(""Object Repository/Page_Swag Labs/input_Swag Labs_password""), ""secret_sauce"")",Chrome 112.0.0.0,,,2023-05-12 15:14:58,2023-05-12 15:14:59,0.351s,PASSED
"click(findTestObject(""Object Repository/Page_Swag Labs/input_Swag Labs_login-button""))",Chrome 112.0.0.0,,,2023-05-12 15:14:59,2023-05-12 15:14:59,0.441s,PASSED
"click(findTestObject(""Object Repository/inventoryPage/Backpack""))",Chrome 112.0.0.0,,,2023-05-12 15:14:59,2023-05-12 15:15:00,0.511s,PASSED
"click(findTestObject(""Object Repository/inventoryPage/button_Add to cart""))",Chrome 112.0.0.0,,,2023-05-12 15:15:00,2023-05-12 15:15:00,0.515s,PASSED
"click(findTestObject(""Object Repository/inventoryPage/products_back-image""))",Chrome 112.0.0.0,,,2023-05-12 15:15:00,2023-05-12 15:15:01,0.492s,PASSED
"click(findTestObject(""Object Repository/inventoryPage/cart""))",Chrome 112.0.0.0,,,2023-05-12 15:15:01,2023-05-12 15:15:01,0.492s,PASSED
"click(findTestObject(""Object Repository/CheckoutPage/button_Checkout""))",Chrome 112.0.0.0,,,2023-05-12 15:15:01,2023-05-12 15:15:02,0.476s,PASSED
"sendKeys(findTestObject(""Object Repository/checkout-step-one/input_Checkout Your Information_firstName""), ""demo"")",Chrome 112.0.0.0,,,2023-05-12 15:15:02,2023-05-12 15:15:02,0.484s,PASSED
"sendKeys(findTestObject(""Object Repository/checkout-step-one/input_Checkout Your Information_lastName""), ""qa test"")",Chrome 112.0.0.0,,,2023-05-12 15:15:02,2023-05-12 15:15:03,0.511s,PASSED
"sendKeys(findTestObject(""Object Repository/checkout-step-one/input_Checkout Your Information_postalCode""), ""9000"")",Chrome 112.0.0.0,,,2023-05-12 15:15:03,2023-05-12 15:15:03,0.501s,PASSED
"click(findTestObject(""Object Repository/checkout-step-one/input_continue""))",Chrome 112.0.0.0,,,2023-05-12 15:15:03,2023-05-12 15:15:04,0.573s,PASSED
"click(findTestObject(""Object Repository/finish checkout/button_Finish""))",Chrome 112.0.0.0,,,2023-05-12 15:15:04,2023-05-12 15:15:04,0.563s,PASSED
"verifyElementVisible(findTestObject(""Object Repository/order-success/h2_Thank you for your order""))",Chrome 112.0.0.0,,,2023-05-12 15:15:04,2023-05-12 15:15:05,0.480s,PASSED
"click(findTestObject(""Object Repository/NavSideBar/sidebar""))",Chrome 112.0.0.0,,,2023-05-12 15:15:05,2023-05-12 15:15:05,0.373s,PASSED
"click(findTestObject(""Object Repository/NavSideBar/a_Logout""))",Chrome 112.0.0.0,,,2023-05-12 15:15:05,2023-05-12 15:15:06,0.474s,PASSED
"verifyElementVisible(findTestObject(""Object Repository/Page_Swag Labs/input_Swag Labs_user-name""))",Chrome 112.0.0.0,,,2023-05-12 15:15:06,2023-05-12 15:15:06,0.537s,PASSED
closeBrowser(),Chrome 112.0.0.0,,,2023-05-12 15:15:06,2023-05-12 15:15:07,0.822s,PASSED
,,,,,,,
Test Cases/test-flow-1-buy-1-product,Chrome 112.0.0.0,,,2023-05-12 15:15:07,2023-05-12 15:15:19,12.214s,PASSED
"openBrowser(""https://www.saucedemo.com/"")",Chrome 112.0.0.0,,,2023-05-12 15:15:07,2023-05-12 15:15:09,2.338s,PASSED
"click(findTestObject(""Object Repository/Page_Swag Labs/input_Swag Labs_user-name""))",Chrome 112.0.0.0,,,2023-05-12 15:15:09,2023-05-12 15:15:10,0.427s,PASSED
"sendKeys(findTestObject(""Object Repository/Page_Swag Labs/input_Swag Labs_user-name""), ""standard_user"")",Chrome 112.0.0.0,,,2023-05-12 15:15:10,2023-05-12 15:15:10,0.402s,PASSED
"click(findTestObject(""Object Repository/Page_Swag Labs/input_Swag Labs_password""))",Chrome 112.0.0.0,,,2023-05-12 15:15:10,2023-05-12 15:15:11,0.390s,PASSED
"sendKeys(findTestObject(""Object Repository/Page_Swag Labs/input_Swag Labs_password""), ""secret_sauce"")",Chrome 112.0.0.0,,,2023-05-12 15:15:11,2023-05-12 15:15:11,0.371s,PASSED
"click(findTestObject(""Object Repository/Page_Swag Labs/input_Swag Labs_login-button""))",Chrome 112.0.0.0,,,2023-05-12 15:15:11,2023-05-12 15:15:11,0.409s,PASSED
"click(findTestObject(""Object Repository/inventoryPage/Backpack""))",Chrome 112.0.0.0,,,2023-05-12 15:15:11,2023-05-12 15:15:12,0.527s,PASSED
"click(findTestObject(""Object Repository/inventoryPage/button_Add to cart""))",Chrome 112.0.0.0,,,2023-05-12 15:15:12,2023-05-12 15:15:12,0.521s,PASSED
"click(findTestObject(""Object Repository/inventoryPage/products_back-image""))",Chrome 112.0.0.0,,,2023-05-12 15:15:12,2023-05-12 15:15:13,0.516s,PASSED
"click(findTestObject(""Object Repository/inventoryPage/cart""))",Chrome 112.0.0.0,,,2023-05-12 15:15:13,2023-05-12 15:15:13,0.500s,PASSED
"click(findTestObject(""Object Repository/CheckoutPage/button_Checkout""))",Chrome 112.0.0.0,,,2023-05-12 15:15:13,2023-05-12 15:15:14,0.493s,PASSED
"sendKeys(findTestObject(""Object Repository/checkout-step-one/input_Checkout Your Information_firstName""), ""demo"")",Chrome 112.0.0.0,,,2023-05-12 15:15:14,2023-05-12 15:15:14,0.523s,PASSED
"sendKeys(findTestObject(""Object Repository/checkout-step-one/input_Checkout Your Information_lastName""), ""qa test"")",Chrome 112.0.0.0,,,2023-05-12 15:15:14,2023-05-12 15:15:15,0.566s,PASSED
"sendKeys(findTestObject(""Object Repository/checkout-step-one/input_Checkout Your Information_postalCode""), ""9000"")",Chrome 112.0.0.0,,,2023-05-12 15:15:15,2023-05-12 15:15:16,0.491s,PASSED
"click(findTestObject(""Object Repository/checkout-step-one/input_continue""))",Chrome 112.0.0.0,,,2023-05-12 15:15:16,2023-05-12 15:15:16,0.601s,PASSED
"click(findTestObject(""Object Repository/finish checkout/button_Finish""))",Chrome 112.0.0.0,,,2023-05-12 15:15:16,2023-05-12 15:15:17,0.472s,PASSED
"verifyElementVisible(findTestObject(""Object Repository/order-success/h2_Thank you for your order""))",Chrome 112.0.0.0,,,2023-05-12 15:15:17,2023-05-12 15:15:17,0.549s,PASSED
"click(findTestObject(""Object Repository/NavSideBar/sidebar""))",Chrome 112.0.0.0,,,2023-05-12 15:15:17,2023-05-12 15:15:18,0.352s,PASSED
"click(findTestObject(""Object Repository/NavSideBar/a_Logout""))",Chrome 112.0.0.0,,,2023-05-12 15:15:18,2023-05-12 15:15:18,0.473s,PASSED
"verifyElementVisible(findTestObject(""Object Repository/Page_Swag Labs/input_Swag Labs_user-name""))",Chrome 112.0.0.0,,,2023-05-12 15:15:18,2023-05-12 15:15:18,0.457s,PASSED
closeBrowser(),Chrome 112.0.0.0,,,2023-05-12 15:15:18,2023-05-12 15:15:19,0.822s,PASSED
,,,,,,,
Test Cases/test-flow-1-buy-1-product,Chrome 112.0.0.0,,,2023-05-12 15:15:19,2023-05-12 15:15:31,12.030s,PASSED
"openBrowser(""https://www.saucedemo.com/"")",Chrome 112.0.0.0,,,2023-05-12 15:15:19,2023-05-12 15:15:22,2.296s,PASSED
"click(findTestObject(""Object Repository/Page_Swag Labs/input_Swag Labs_user-name""))",Chrome 112.0.0.0,,,2023-05-12 15:15:22,2023-05-12 15:15:22,0.556s,PASSED
"sendKeys(findTestObject(""Object Repository/Page_Swag Labs/input_Swag Labs_user-name""), ""standard_user"")",Chrome 112.0.0.0,,,2023-05-12 15:15:22,2023-05-12 15:15:23,0.371s,PASSED
"click(findTestObject(""Object Repository/Page_Swag Labs/input_Swag Labs_password""))",Chrome 112.0.0.0,,,2023-05-12 15:15:23,2023-05-12 15:15:23,0.351s,PASSED
"sendKeys(findTestObject(""Object Repository/Page_Swag Labs/input_Swag Labs_password""), ""secret_sauce"")",Chrome 112.0.0.0,,,2023-05-12 15:15:23,2023-05-12 15:15:23,0.356s,PASSED
"click(findTestObject(""Object Repository/Page_Swag Labs/input_Swag Labs_login-button""))",Chrome 112.0.0.0,,,2023-05-12 15:15:23,2023-05-12 15:15:24,0.414s,PASSED
"click(findTestObject(""Object Repository/inventoryPage/Backpack""))",Chrome 112.0.0.0,,,2023-05-12 15:15:24,2023-05-12 15:15:24,0.513s,PASSED
"click(findTestObject(""Object Repository/inventoryPage/button_Add to cart""))",Chrome 112.0.0.0,,,2023-05-12 15:15:24,2023-05-12 15:15:25,0.485s,PASSED
"click(findTestObject(""Object Repository/inventoryPage/products_back-image""))",Chrome 112.0.0.0,,,2023-05-12 15:15:25,2023-05-12 15:15:25,0.470s,PASSED
"click(findTestObject(""Object Repository/inventoryPage/cart""))",Chrome 112.0.0.0,,,2023-05-12 15:15:25,2023-05-12 15:15:26,0.478s,PASSED
"click(findTestObject(""Object Repository/CheckoutPage/button_Checkout""))",Chrome 112.0.0.0,,,2023-05-12 15:15:26,2023-05-12 15:15:26,0.481s,PASSED
"sendKeys(findTestObject(""Object Repository/checkout-step-one/input_Checkout Your Information_firstName""), ""demo"")",Chrome 112.0.0.0,,,2023-05-12 15:15:26,2023-05-12 15:15:27,0.495s,PASSED
"sendKeys(findTestObject(""Object Repository/checkout-step-one/input_Checkout Your Information_lastName""), ""qa test"")",Chrome 112.0.0.0,,,2023-05-12 15:15:27,2023-05-12 15:15:27,0.591s,PASSED
"sendKeys(findTestObject(""Object Repository/checkout-step-one/input_Checkout Your Information_postalCode""), ""9000"")",Chrome 112.0.0.0,,,2023-05-12 15:15:27,2023-05-12 15:15:28,0.478s,PASSED
"click(findTestObject(""Object Repository/checkout-step-one/input_continue""))",Chrome 112.0.0.0,,,2023-05-12 15:15:28,2023-05-12 15:15:28,0.489s,PASSED
"click(findTestObject(""Object Repository/finish checkout/button_Finish""))",Chrome 112.0.0.0,,,2023-05-12 15:15:28,2023-05-12 15:15:29,0.580s,PASSED
"verifyElementVisible(findTestObject(""Object Repository/order-success/h2_Thank you for your order""))",Chrome 112.0.0.0,,,2023-05-12 15:15:29,2023-05-12 15:15:29,0.446s,PASSED
"click(findTestObject(""Object Repository/NavSideBar/sidebar""))",Chrome 112.0.0.0,,,2023-05-12 15:15:29,2023-05-12 15:15:29,0.343s,PASSED
"click(findTestObject(""Object Repository/NavSideBar/a_Logout""))",Chrome 112.0.0.0,,,2023-05-12 15:15:29,2023-05-12 15:15:30,0.479s,PASSED
"verifyElementVisible(findTestObject(""Object Repository/Page_Swag Labs/input_Swag Labs_user-name""))",Chrome 112.0.0.0,,,2023-05-12 15:15:30,2023-05-12 15:15:30,0.450s,PASSED
closeBrowser(),Chrome 112.0.0.0,,,2023-05-12 15:15:30,2023-05-12 15:15:31,0.897s,PASSED
,,,,,,,
Test Cases/test-flow-1-buy-1-product,Chrome 112.0.0.0,,,2023-05-12 15:15:31,2023-05-12 15:15:44,12.629s,PASSED
"openBrowser(""https://www.saucedemo.com/"")",Chrome 112.0.0.0,,,2023-05-12 15:15:31,2023-05-12 15:15:34,2.759s,PASSED
"click(findTestObject(""Object Repository/Page_Swag Labs/input_Swag Labs_user-name""))",Chrome 112.0.0.0,,,2023-05-12 15:15:34,2023-05-12 15:15:34,0.390s,PASSED
"sendKeys(findTestObject(""Object Repository/Page_Swag Labs/input_Swag Labs_user-name""), ""standard_user"")",Chrome 112.0.0.0,,,2023-05-12 15:15:34,2023-05-12 15:15:35,0.384s,PASSED
"click(findTestObject(""Object Repository/Page_Swag Labs/input_Swag Labs_password""))",Chrome 112.0.0.0,,,2023-05-12 15:15:35,2023-05-12 15:15:35,0.359s,PASSED
"sendKeys(findTestObject(""Object Repository/Page_Swag Labs/input_Swag Labs_password""), ""secret_sauce"")",Chrome 112.0.0.0,,,2023-05-12 15:15:35,2023-05-12 15:15:36,0.412s,PASSED
"click(findTestObject(""Object Repository/Page_Swag Labs/input_Swag Labs_login-button""))",Chrome 112.0.0.0,,,2023-05-12 15:15:36,2023-05-12 15:15:36,0.427s,PASSED
"click(findTestObject(""Object Repository/inventoryPage/Backpack""))",Chrome 112.0.0.0,,,2023-05-12 15:15:36,2023-05-12 15:15:37,0.474s,PASSED
"click(findTestObject(""Object Repository/inventoryPage/button_Add to cart""))",Chrome 112.0.0.0,,,2023-05-12 15:15:37,2023-05-12 15:15:37,0.459s,PASSED
"click(findTestObject(""Object Repository/inventoryPage/products_back-image""))",Chrome 112.0.0.0,,,2023-05-12 15:15:37,2023-05-12 15:15:38,0.580s,PASSED
"click(findTestObject(""Object Repository/inventoryPage/cart""))",Chrome 112.0.0.0,,,2023-05-12 15:15:38,2023-05-12 15:15:38,0.540s,PASSED
"click(findTestObject(""Object Repository/CheckoutPage/button_Checkout""))",Chrome 112.0.0.0,,,2023-05-12 15:15:38,2023-05-12 15:15:39,0.545s,PASSED
"sendKeys(findTestObject(""Object Repository/checkout-step-one/input_Checkout Your Information_firstName""), ""demo"")",Chrome 112.0.0.0,,,2023-05-12 15:15:39,2023-05-12 15:15:39,0.550s,PASSED
"sendKeys(findTestObject(""Object Repository/checkout-step-one/input_Checkout Your Information_lastName""), ""qa test"")",Chrome 112.0.0.0,,,2023-05-12 15:15:39,2023-05-12 15:15:40,0.536s,PASSED
"sendKeys(findTestObject(""Object Repository/checkout-step-one/input_Checkout Your Information_postalCode""), ""9000"")",Chrome 112.0.0.0,,,2023-05-12 15:15:40,2023-05-12 15:15:40,0.549s,PASSED
"click(findTestObject(""Object Repository/checkout-step-one/input_continue""))",Chrome 112.0.0.0,,,2023-05-12 15:15:40,2023-05-12 15:15:41,0.522s,PASSED
"click(findTestObject(""Object Repository/finish checkout/button_Finish""))",Chrome 112.0.0.0,,,2023-05-12 15:15:41,2023-05-12 15:15:41,0.495s,PASSED
"verifyElementVisible(findTestObject(""Object Repository/order-success/h2_Thank you for your order""))",Chrome 112.0.0.0,,,2023-05-12 15:15:41,2023-05-12 15:15:42,0.497s,PASSED
"click(findTestObject(""Object Repository/NavSideBar/sidebar""))",Chrome 112.0.0.0,,,2023-05-12 15:15:42,2023-05-12 15:15:42,0.368s,PASSED
"click(findTestObject(""Object Repository/NavSideBar/a_Logout""))",Chrome 112.0.0.0,,,2023-05-12 15:15:42,2023-05-12 15:15:43,0.498s,PASSED
"verifyElementVisible(findTestObject(""Object Repository/Page_Swag Labs/input_Swag Labs_user-name""))",Chrome 112.0.0.0,,,2023-05-12 15:15:43,2023-05-12 15:15:43,0.450s,PASSED
closeBrowser(),Chrome 112.0.0.0,,,2023-05-12 15:15:43,2023-05-12 15:15:44,0.826s,PASSED
,,,,,,,
Test Cases/test-flow-1-buy-1-product,Chrome 112.0.0.0,,,2023-05-12 15:15:44,2023-05-12 15:15:56,12.412s,PASSED
"openBrowser(""https://www.saucedemo.com/"")",Chrome 112.0.0.0,,,2023-05-12 15:15:44,2023-05-12 15:15:46,2.292s,PASSED
"click(findTestObject(""Object Repository/Page_Swag Labs/input_Swag Labs_user-name""))",Chrome 112.0.0.0,,,2023-05-12 15:15:46,2023-05-12 15:15:47,0.398s,PASSED
"sendKeys(findTestObject(""Object Repository/Page_Swag Labs/input_Swag Labs_user-name""), ""standard_user"")",Chrome 112.0.0.0,,,2023-05-12 15:15:47,2023-05-12 15:15:47,0.381s,PASSED
"click(findTestObject(""Object Repository/Page_Swag Labs/input_Swag Labs_password""))",Chrome 112.0.0.0,,,2023-05-12 15:15:47,2023-05-12 15:15:47,0.368s,PASSED
"sendKeys(findTestObject(""Object Repository/Page_Swag Labs/input_Swag Labs_password""), ""secret_sauce"")",Chrome 112.0.0.0,,,2023-05-12 15:15:47,2023-05-12 15:15:48,0.360s,PASSED
"click(findTestObject(""Object Repository/Page_Swag Labs/input_Swag Labs_login-button""))",Chrome 112.0.0.0,,,2023-05-12 15:15:48,2023-05-12 15:15:48,0.441s,PASSED
"click(findTestObject(""Object Repository/inventoryPage/Backpack""))",Chrome 112.0.0.0,,,2023-05-12 15:15:48,2023-05-12 15:15:49,0.495s,PASSED
"click(findTestObject(""Object Repository/inventoryPage/button_Add to cart""))",Chrome 112.0.0.0,,,2023-05-12 15:15:49,2023-05-12 15:15:49,0.486s,PASSED
"click(findTestObject(""Object Repository/inventoryPage/products_back-image""))",Chrome 112.0.0.0,,,2023-05-12 15:15:49,2023-05-12 15:15:50,0.545s,PASSED
"click(findTestObject(""Object Repository/inventoryPage/cart""))",Chrome 112.0.0.0,,,2023-05-12 15:15:50,2023-05-12 15:15:50,0.517s,PASSED
"click(findTestObject(""Object Repository/CheckoutPage/button_Checkout""))",Chrome 112.0.0.0,,,2023-05-12 15:15:50,2023-05-12 15:15:51,0.505s,PASSED
"sendKeys(findTestObject(""Object Repository/checkout-step-one/input_Checkout Your Information_firstName""), ""demo"")",Chrome 112.0.0.0,,,2023-05-12 15:15:51,2023-05-12 15:15:51,0.529s,PASSED
"sendKeys(findTestObject(""Object Repository/checkout-step-one/input_Checkout Your Information_lastName""), ""qa test"")",Chrome 112.0.0.0,,,2023-05-12 15:15:51,2023-05-12 15:15:52,0.601s,PASSED
"sendKeys(findTestObject(""Object Repository/checkout-step-one/input_Checkout Your Information_postalCode""), ""9000"")",Chrome 112.0.0.0,,,2023-05-12 15:15:52,2023-05-12 15:15:53,0.635s,PASSED
"click(findTestObject(""Object Repository/checkout-step-one/input_continue""))",Chrome 112.0.0.0,,,2023-05-12 15:15:53,2023-05-12 15:15:53,0.517s,PASSED
"click(findTestObject(""Object Repository/finish checkout/button_Finish""))",Chrome 112.0.0.0,,,2023-05-12 15:15:53,2023-05-12 15:15:54,0.574s,PASSED
"verifyElementVisible(findTestObject(""Object Repository/order-success/h2_Thank you for your order""))",Chrome 112.0.0.0,,,2023-05-12 15:15:54,2023-05-12 15:15:54,0.469s,PASSED
"click(findTestObject(""Object Repository/NavSideBar/sidebar""))",Chrome 112.0.0.0,,,2023-05-12 15:15:54,2023-05-12 15:15:54,0.390s,PASSED
"click(findTestObject(""Object Repository/NavSideBar/a_Logout""))",Chrome 112.0.0.0,,,2023-05-12 15:15:54,2023-05-12 15:15:55,0.482s,PASSED
"verifyElementVisible(findTestObject(""Object Repository/Page_Swag Labs/input_Swag Labs_user-name""))",Chrome 112.0.0.0,,,2023-05-12 15:15:55,2023-05-12 15:15:56,0.541s,PASSED
closeBrowser(),Chrome 112.0.0.0,,,2023-05-12 15:15:56,2023-05-12 15:15:56,0.870s,PASSED
,,,,,,,
Test Cases/test-flow-1-buy-1-product,Chrome 112.0.0.0,,,2023-05-12 15:15:56,2023-05-12 15:16:09,12.162s,PASSED
"openBrowser(""https://www.saucedemo.com/"")",Chrome 112.0.0.0,,,2023-05-12 15:15:56,2023-05-12 15:15:59,2.554s,PASSED
"click(findTestObject(""Object Repository/Page_Swag Labs/input_Swag Labs_user-name""))",Chrome 112.0.0.0,,,2023-05-12 15:15:59,2023-05-12 15:15:59,0.401s,PASSED
"sendKeys(findTestObject(""Object Repository/Page_Swag Labs/input_Swag Labs_user-name""), ""standard_user"")",Chrome 112.0.0.0,,,2023-05-12 15:15:59,2023-05-12 15:16:00,0.412s,PASSED
"click(findTestObject(""Object Repository/Page_Swag Labs/input_Swag Labs_password""))",Chrome 112.0.0.0,,,2023-05-12 15:16:00,2023-05-12 15:16:00,0.393s,PASSED
"sendKeys(findTestObject(""Object Repository/Page_Swag Labs/input_Swag Labs_password""), ""secret_sauce"")",Chrome 112.0.0.0,,,2023-05-12 15:16:00,2023-05-12 15:16:01,0.380s,PASSED
"click(findTestObject(""Object Repository/Page_Swag Labs/input_Swag Labs_login-button""))",Chrome 112.0.0.0,,,2023-05-12 15:16:01,2023-05-12 15:16:01,0.400s,PASSED
"click(findTestObject(""Object Repository/inventoryPage/Backpack""))",Chrome 112.0.0.0,,,2023-05-12 15:16:01,2023-05-12 15:16:01,0.495s,PASSED
"click(findTestObject(""Object Repository/inventoryPage/button_Add to cart""))",Chrome 112.0.0.0,,,2023-05-12 15:16:01,2023-05-12 15:16:02,0.490s,PASSED
"click(findTestObject(""Object Repository/inventoryPage/products_back-image""))",Chrome 112.0.0.0,,,2023-05-12 15:16:02,2023-05-12 15:16:02,0.478s,PASSED
"click(findTestObject(""Object Repository/inventoryPage/cart""))",Chrome 112.0.0.0,,,2023-05-12 15:16:02,2023-05-12 15:16:03,0.485s,PASSED
"click(findTestObject(""Object Repository/CheckoutPage/button_Checkout""))",Chrome 112.0.0.0,,,2023-05-12 15:16:03,2023-05-12 15:16:03,0.472s,PASSED
"sendKeys(findTestObject(""Object Repository/checkout-step-one/input_Checkout Your Information_firstName""), ""demo"")",Chrome 112.0.0.0,,,2023-05-12 15:16:03,2023-05-12 15:16:04,0.493s,PASSED
"sendKeys(findTestObject(""Object Repository/checkout-step-one/input_Checkout Your Information_lastName""), ""qa test"")",Chrome 112.0.0.0,,,2023-05-12 15:16:04,2023-05-12 15:16:04,0.484s,PASSED
"sendKeys(findTestObject(""Object Repository/checkout-step-one/input_Checkout Your Information_postalCode""), ""9000"")",Chrome 112.0.0.0,,,2023-05-12 15:16:04,2023-05-12 15:16:05,0.487s,PASSED
"click(findTestObject(""Object Repository/checkout-step-one/input_continue""))",Chrome 112.0.0.0,,,2023-05-12 15:16:05,2023-05-12 15:16:05,0.489s,PASSED
"click(findTestObject(""Object Repository/finish checkout/button_Finish""))",Chrome 112.0.0.0,,,2023-05-12 15:16:05,2023-05-12 15:16:06,0.561s,PASSED
"verifyElementVisible(findTestObject(""Object Repository/order-success/h2_Thank you for your order""))",Chrome 112.0.0.0,,,2023-05-12 15:16:06,2023-05-12 15:16:06,0.539s,PASSED
"click(findTestObject(""Object Repository/NavSideBar/sidebar""))",Chrome 112.0.0.0,,,2023-05-12 15:16:06,2023-05-12 15:16:07,0.348s,PASSED
"click(findTestObject(""Object Repository/NavSideBar/a_Logout""))",Chrome 112.0.0.0,,,2023-05-12 15:16:07,2023-05-12 15:16:07,0.460s,PASSED
"verifyElementVisible(findTestObject(""Object Repository/Page_Swag Labs/input_Swag Labs_user-name""))",Chrome 112.0.0.0,,,2023-05-12 15:16:07,2023-05-12 15:16:08,0.547s,PASSED
closeBrowser(),Chrome 112.0.0.0,,,2023-05-12 15:16:08,2023-05-12 15:16:09,0.783s,PASSED
,,,,,,,
Test Cases/test-flow-1-buy-1-product,Chrome 112.0.0.0,,,2023-05-12 15:16:09,2023-05-12 15:16:20,11.565s,PASSED
"openBrowser(""https://www.saucedemo.com/"")",Chrome 112.0.0.0,,,2023-05-12 15:16:09,2023-05-12 15:16:11,2.137s,PASSED
"click(findTestObject(""Object Repository/Page_Swag Labs/input_Swag Labs_user-name""))",Chrome 112.0.0.0,,,2023-05-12 15:16:11,2023-05-12 15:16:11,0.359s,PASSED
"sendKeys(findTestObject(""Object Repository/Page_Swag Labs/input_Swag Labs_user-name""), ""standard_user"")",Chrome 112.0.0.0,,,2023-05-12 15:16:11,2023-05-12 15:16:11,0.353s,PASSED
"click(findTestObject(""Object Repository/Page_Swag Labs/input_Swag Labs_password""))",Chrome 112.0.0.0,,,2023-05-12 15:16:11,2023-05-12 15:16:12,0.360s,PASSED
"sendKeys(findTestObject(""Object Repository/Page_Swag Labs/input_Swag Labs_password""), ""secret_sauce"")",Chrome 112.0.0.0,,,2023-05-12 15:16:12,2023-05-12 15:16:12,0.345s,PASSED
"click(findTestObject(""Object Repository/Page_Swag Labs/input_Swag Labs_login-button""))",Chrome 112.0.0.0,,,2023-05-12 15:16:12,2023-05-12 15:16:13,0.408s,PASSED
"click(findTestObject(""Object Repository/inventoryPage/Backpack""))",Chrome 112.0.0.0,,,2023-05-12 15:16:13,2023-05-12 15:16:13,0.487s,PASSED
"click(findTestObject(""Object Repository/inventoryPage/button_Add to cart""))",Chrome 112.0.0.0,,,2023-05-12 15:16:13,2023-05-12 15:16:13,0.482s,PASSED
"click(findTestObject(""Object Repository/inventoryPage/products_back-image""))",Chrome 112.0.0.0,,,2023-05-12 15:16:13,2023-05-12 15:16:14,0.487s,PASSED
"click(findTestObject(""Object Repository/inventoryPage/cart""))",Chrome 112.0.0.0,,,2023-05-12 15:16:14,2023-05-12 15:16:14,0.465s,PASSED
"click(findTestObject(""Object Repository/CheckoutPage/button_Checkout""))",Chrome 112.0.0.0,,,2023-05-12 15:16:14,2023-05-12 15:16:15,0.477s,PASSED
"sendKeys(findTestObject(""Object Repository/checkout-step-one/input_Checkout Your Information_firstName""), ""demo"")",Chrome 112.0.0.0,,,2023-05-12 15:16:15,2023-05-12 15:16:15,0.481s,PASSED
"sendKeys(findTestObject(""Object Repository/checkout-step-one/input_Checkout Your Information_lastName""), ""qa test"")",Chrome 112.0.0.0,,,2023-05-12 15:16:15,2023-05-12 15:16:16,0.494s,PASSED
"sendKeys(findTestObject(""Object Repository/checkout-step-one/input_Checkout Your Information_postalCode""), ""9000"")",Chrome 112.0.0.0,,,2023-05-12 15:16:16,2023-05-12 15:16:16,0.474s,PASSED
"click(findTestObject(""Object Repository/checkout-step-one/input_continue""))",Chrome 112.0.0.0,,,2023-05-12 15:16:16,2023-05-12 15:16:17,0.591s,PASSED
"click(findTestObject(""Object Repository/finish checkout/button_Finish""))",Chrome 112.0.0.0,,,2023-05-12 15:16:17,2023-05-12 15:16:18,0.566s,PASSED
"verifyElementVisible(findTestObject(""Object Repository/order-success/h2_Thank you for your order""))",Chrome 112.0.0.0,,,2023-05-12 15:16:18,2023-05-12 15:16:18,0.446s,PASSED
"click(findTestObject(""Object Repository/NavSideBar/sidebar""))",Chrome 112.0.0.0,,,2023-05-12 15:16:18,2023-05-12 15:16:18,0.342s,PASSED
"click(findTestObject(""Object Repository/NavSideBar/a_Logout""))",Chrome 112.0.0.0,,,2023-05-12 15:16:18,2023-05-12 15:16:19,0.489s,PASSED
"verifyElementVisible(findTestObject(""Object Repository/Page_Swag Labs/input_Swag Labs_user-name""))",Chrome 112.0.0.0,,,2023-05-12 15:16:19,2023-05-12 15:16:19,0.438s,PASSED
closeBrowser(),Chrome 112.0.0.0,,,2023-05-12 15:16:19,2023-05-12 15:16:20,0.875s,PASSED
,,,,,,,
Test Cases/test-flow-1-buy-1-product,Chrome 112.0.0.0,,,2023-05-12 15:16:20,2023-05-12 15:16:33,12.460s,PASSED
"openBrowser(""https://www.saucedemo.com/"")",Chrome 112.0.0.0,,,2023-05-12 15:16:20,2023-05-12 15:16:23,2.569s,PASSED
"click(findTestObject(""Object Repository/Page_Swag Labs/input_Swag Labs_user-name""))",Chrome 112.0.0.0,,,2023-05-12 15:16:23,2023-05-12 15:16:23,0.408s,PASSED
"sendKeys(findTestObject(""Object Repository/Page_Swag Labs/input_Swag Labs_user-name""), ""standard_user"")",Chrome 112.0.0.0,,,2023-05-12 15:16:23,2023-05-12 15:16:23,0.380s,PASSED
"click(findTestObject(""Object Repository/Page_Swag Labs/input_Swag Labs_password""))",Chrome 112.0.0.0,,,2023-05-12 15:16:23,2023-05-12 15:16:24,0.353s,PASSED
"sendKeys(findTestObject(""Object Repository/Page_Swag Labs/input_Swag Labs_password""), ""secret_sauce"")",Chrome 112.0.0.0,,,2023-05-12 15:16:24,2023-05-12 15:16:24,0.341s,PASSED
"click(findTestObject(""Object Repository/Page_Swag Labs/input_Swag Labs_login-button""))",Chrome 112.0.0.0,,,2023-05-12 15:16:24,2023-05-12 15:16:25,0.399s,PASSED
"click(findTestObject(""Object Repository/inventoryPage/Backpack""))",Chrome 112.0.0.0,,,2023-05-12 15:16:25,2023-05-12 15:16:25,0.494s,PASSED
"click(findTestObject(""Object Repository/inventoryPage/button_Add to cart""))",Chrome 112.0.0.0,,,2023-05-12 15:16:25,2023-05-12 15:16:26,0.475s,PASSED
"click(findTestObject(""Object Repository/inventoryPage/products_back-image""))",Chrome 112.0.0.0,,,2023-05-12 15:16:26,2023-05-12 15:16:26,0.475s,PASSED
"click(findTestObject(""Object Repository/inventoryPage/cart""))",Chrome 112.0.0.0,,,2023-05-12 15:16:26,2023-05-12 15:16:27,0.474s,PASSED
"click(findTestObject(""Object Repository/CheckoutPage/button_Checkout""))",Chrome 112.0.0.0,,,2023-05-12 15:16:27,2023-05-12 15:16:27,0.566s,PASSED
"sendKeys(findTestObject(""Object Repository/checkout-step-one/input_Checkout Your Information_firstName""), ""demo"")",Chrome 112.0.0.0,,,2023-05-12 15:16:27,2023-05-12 15:16:28,0.589s,PASSED
"sendKeys(findTestObject(""Object Repository/checkout-step-one/input_Checkout Your Information_lastName""), ""qa test"")",Chrome 112.0.0.0,,,2023-05-12 15:16:28,2023-05-12 15:16:28,0.491s,PASSED
"sendKeys(findTestObject(""Object Repository/checkout-step-one/input_Checkout Your Information_postalCode""), ""9000"")",Chrome 112.0.0.0,,,2023-05-12 15:16:28,2023-05-12 15:16:29,0.596s,PASSED
"click(findTestObject(""Object Repository/checkout-step-one/input_continue""))",Chrome 112.0.0.0,,,2023-05-12 15:16:29,2023-05-12 15:16:29,0.492s,PASSED
"click(findTestObject(""Object Repository/finish checkout/button_Finish""))",Chrome 112.0.0.0,,,2023-05-12 15:16:29,2023-05-12 15:16:30,0.571s,PASSED
"verifyElementVisible(findTestObject(""Object Repository/order-success/h2_Thank you for your order""))",Chrome 112.0.0.0,,,2023-05-12 15:16:30,2023-05-12 15:16:30,0.535s,PASSED
"click(findTestObject(""Object Repository/NavSideBar/sidebar""))",Chrome 112.0.0.0,,,2023-05-12 15:16:30,2023-05-12 15:16:31,0.347s,PASSED
"click(findTestObject(""Object Repository/NavSideBar/a_Logout""))",Chrome 112.0.0.0,,,2023-05-12 15:16:31,2023-05-12 15:16:31,0.556s,PASSED
"verifyElementVisible(findTestObject(""Object Repository/Page_Swag Labs/input_Swag Labs_user-name""))",Chrome 112.0.0.0,,,2023-05-12 15:16:31,2023-05-12 15:16:32,0.544s,PASSED
closeBrowser(),Chrome 112.0.0.0,,,2023-05-12 15:16:32,2023-05-12 15:16:33,0.783s,PASSED
,,,,,,,
Test Cases/test-flow-1-buy-1-product,Chrome 112.0.0.0,,,2023-05-12 15:16:33,2023-05-12 15:16:44,11.832s,PASSED
"openBrowser(""https://www.saucedemo.com/"")",Chrome 112.0.0.0,,,2023-05-12 15:16:33,2023-05-12 15:16:35,2.165s,PASSED
"click(findTestObject(""Object Repository/Page_Swag Labs/input_Swag Labs_user-name""))",Chrome 112.0.0.0,,,2023-05-12 15:16:35,2023-05-12 15:16:35,0.395s,PASSED
"sendKeys(findTestObject(""Object Repository/Page_Swag Labs/input_Swag Labs_user-name""), ""standard_user"")",Chrome 112.0.0.0,,,2023-05-12 15:16:35,2023-05-12 15:16:36,0.386s,PASSED
"click(findTestObject(""Object Repository/Page_Swag Labs/input_Swag Labs_password""))",Chrome 112.0.0.0,,,2023-05-12 15:16:36,2023-05-12 15:16:36,0.352s,PASSED
"sendKeys(findTestObject(""Object Repository/Page_Swag Labs/input_Swag Labs_password""), ""secret_sauce"")",Chrome 112.0.0.0,,,2023-05-12 15:16:36,2023-05-12 15:16:36,0.352s,PASSED
"click(findTestObject(""Object Repository/Page_Swag Labs/input_Swag Labs_login-button""))",Chrome 112.0.0.0,,,2023-05-12 15:16:36,2023-05-12 15:16:37,0.398s,PASSED
"click(findTestObject(""Object Repository/inventoryPage/Backpack""))",Chrome 112.0.0.0,,,2023-05-12 15:16:37,2023-05-12 15:16:37,0.496s,PASSED
"click(findTestObject(""Object Repository/inventoryPage/button_Add to cart""))",Chrome 112.0.0.0,,,2023-05-12 15:16:37,2023-05-12 15:16:38,0.481s,PASSED
"click(findTestObject(""Object Repository/inventoryPage/products_back-image""))",Chrome 112.0.0.0,,,2023-05-12 15:16:38,2023-05-12 15:16:38,0.476s,PASSED
"click(findTestObject(""Object Repository/inventoryPage/cart""))",Chrome 112.0.0.0,,,2023-05-12 15:16:38,2023-05-12 15:16:39,0.467s,PASSED
"click(findTestObject(""Object Repository/CheckoutPage/button_Checkout""))",Chrome 112.0.0.0,,,2023-05-12 15:16:39,2023-05-12 15:16:39,0.575s,PASSED
"sendKeys(findTestObject(""Object Repository/checkout-step-one/input_Checkout Your Information_firstName""), ""demo"")",Chrome 112.0.0.0,,,2023-05-12 15:16:39,2023-05-12 15:16:40,0.484s,PASSED
"sendKeys(findTestObject(""Object Repository/checkout-step-one/input_Checkout Your Information_lastName""), ""qa test"")",Chrome 112.0.0.0,,,2023-05-12 15:16:40,2023-05-12 15:16:40,0.493s,PASSED
"sendKeys(findTestObject(""Object Repository/checkout-step-one/input_Checkout Your Information_postalCode""), ""9000"")",Chrome 112.0.0.0,,,2023-05-12 15:16:40,2023-05-12 15:16:41,0.568s,PASSED
"click(findTestObject(""Object Repository/checkout-step-one/input_continue""))",Chrome 112.0.0.0,,,2023-05-12 15:16:41,2023-05-12 15:16:41,0.582s,PASSED
"click(findTestObject(""Object Repository/finish checkout/button_Finish""))",Chrome 112.0.0.0,,,2023-05-12 15:16:41,2023-05-12 15:16:42,0.560s,PASSED
"verifyElementVisible(findTestObject(""Object Repository/order-success/h2_Thank you for your order""))",Chrome 112.0.0.0,,,2023-05-12 15:16:42,2023-05-12 15:16:42,0.440s,PASSED
"click(findTestObject(""Object Repository/NavSideBar/sidebar""))",Chrome 112.0.0.0,,,2023-05-12 15:16:42,2023-05-12 15:16:43,0.347s,PASSED
"click(findTestObject(""Object Repository/NavSideBar/a_Logout""))",Chrome 112.0.0.0,,,2023-05-12 15:16:43,2023-05-12 15:16:43,0.465s,PASSED
"verifyElementVisible(findTestObject(""Object Repository/Page_Swag Labs/input_Swag Labs_user-name""))",Chrome 112.0.0.0,,,2023-05-12 15:16:43,2023-05-12 15:16:44,0.544s,PASSED
closeBrowser(),Chrome 112.0.0.0,,,2023-05-12 15:16:44,2023-05-12 15:16:44,0.795s,PASSED
,,,,,,,
Test Cases/test-flow-1-buy-1-product,Chrome 112.0.0.0,,,2023-05-12 15:16:44,2023-05-12 15:16:56,12.060s,PASSED
"openBrowser(""https://www.saucedemo.com/"")",Chrome 112.0.0.0,,,2023-05-12 15:16:44,2023-05-12 15:16:47,2.207s,PASSED
"click(findTestObject(""Object Repository/Page_Swag Labs/input_Swag Labs_user-name""))",Chrome 112.0.0.0,,,2023-05-12 15:16:47,2023-05-12 15:16:47,0.374s,PASSED
"sendKeys(findTestObject(""Object Repository/Page_Swag Labs/input_Swag Labs_user-name""), ""standard_user"")",Chrome 112.0.0.0,,,2023-05-12 15:16:47,2023-05-12 15:16:47,0.349s,PASSED
"click(findTestObject(""Object Repository/Page_Swag Labs/input_Swag Labs_password""))",Chrome 112.0.0.0,,,2023-05-12 15:16:47,2023-05-12 15:16:48,0.351s,PASSED
"sendKeys(findTestObject(""Object Repository/Page_Swag Labs/input_Swag Labs_password""), ""secret_sauce"")",Chrome 112.0.0.0,,,2023-05-12 15:16:48,2023-05-12 15:16:48,0.340s,PASSED
"click(findTestObject(""Object Repository/Page_Swag Labs/input_Swag Labs_login-button""))",Chrome 112.0.0.0,,,2023-05-12 15:16:48,2023-05-12 15:16:48,0.455s,PASSED
"click(findTestObject(""Object Repository/inventoryPage/Backpack""))",Chrome 112.0.0.0,,,2023-05-12 15:16:48,2023-05-12 15:16:49,0.475s,PASSED
"click(findTestObject(""Object Repository/inventoryPage/button_Add to cart""))",Chrome 112.0.0.0,,,2023-05-12 15:16:49,2023-05-12 15:16:49,0.465s,PASSED
"click(findTestObject(""Object Repository/inventoryPage/products_back-image""))",Chrome 112.0.0.0,,,2023-05-12 15:16:49,2023-05-12 15:16:50,0.596s,PASSED
"click(findTestObject(""Object Repository/inventoryPage/cart""))",Chrome 112.0.0.0,,,2023-05-12 15:16:50,2023-05-12 15:16:51,0.560s,PASSED
"click(findTestObject(""Object Repository/CheckoutPage/button_Checkout""))",Chrome 112.0.0.0,,,2023-05-12 15:16:51,2023-05-12 15:16:51,0.469s,PASSED
"sendKeys(findTestObject(""Object Repository/checkout-step-one/input_Checkout Your Information_firstName""), ""demo"")",Chrome 112.0.0.0,,,2023-05-12 15:16:51,2023-05-12 15:16:52,0.582s,PASSED
"sendKeys(findTestObject(""Object Repository/checkout-step-one/input_Checkout Your Information_lastName""), ""qa test"")",Chrome 112.0.0.0,,,2023-05-12 15:16:52,2023-05-12 15:16:52,0.583s,PASSED
"sendKeys(findTestObject(""Object Repository/checkout-step-one/input_Checkout Your Information_postalCode""), ""9000"")",Chrome 112.0.0.0,,,2023-05-12 15:16:52,2023-05-12 15:16:53,0.578s,PASSED
"click(findTestObject(""Object Repository/checkout-step-one/input_continue""))",Chrome 112.0.0.0,,,2023-05-12 15:16:53,2023-05-12 15:16:53,0.569s,PASSED
"click(findTestObject(""Object Repository/finish checkout/button_Finish""))",Chrome 112.0.0.0,,,2023-05-12 15:16:53,2023-05-12 15:16:54,0.464s,PASSED
"verifyElementVisible(findTestObject(""Object Repository/order-success/h2_Thank you for your order""))",Chrome 112.0.0.0,,,2023-05-12 15:16:54,2023-05-12 15:16:54,0.444s,PASSED
"click(findTestObject(""Object Repository/NavSideBar/sidebar""))",Chrome 112.0.0.0,,,2023-05-12 15:16:54,2023-05-12 15:16:55,0.327s,PASSED
"click(findTestObject(""Object Repository/NavSideBar/a_Logout""))",Chrome 112.0.0.0,,,2023-05-12 15:16:55,2023-05-12 15:16:55,0.556s,PASSED
"verifyElementVisible(findTestObject(""Object Repository/Page_Swag Labs/input_Swag Labs_user-name""))",Chrome 112.0.0.0,,,2023-05-12 15:16:55,2023-05-12 15:16:56,0.540s,PASSED
closeBrowser(),Chrome 112.0.0.0,,,2023-05-12 15:16:56,2023-05-12 15:16:56,0.765s,PASSED
,,,,,,,
Test Cases/test-flow-1-buy-1-product,Chrome 112.0.0.0,,,2023-05-12 15:16:56,2023-05-12 15:17:09,12.531s,PASSED
"openBrowser(""https://www.saucedemo.com/"")",Chrome 112.0.0.0,,,2023-05-12 15:16:56,2023-05-12 15:16:59,2.199s,PASSED
"click(findTestObject(""Object Repository/Page_Swag Labs/input_Swag Labs_user-name""))",Chrome 112.0.0.0,,,2023-05-12 15:16:59,2023-05-12 15:16:59,0.347s,PASSED
"sendKeys(findTestObject(""Object Repository/Page_Swag Labs/input_Swag Labs_user-name""), ""standard_user"")",Chrome 112.0.0.0,,,2023-05-12 15:16:59,2023-05-12 15:16:59,0.375s,PASSED
"click(findTestObject(""Object Repository/Page_Swag Labs/input_Swag Labs_password""))",Chrome 112.0.0.0,,,2023-05-12 15:16:59,2023-05-12 15:17:00,0.365s,PASSED
"sendKeys(findTestObject(""Object Repository/Page_Swag Labs/input_Swag Labs_password""), ""secret_sauce"")",Chrome 112.0.0.0,,,2023-05-12 15:17:00,2023-05-12 15:17:00,0.341s,PASSED
"click(findTestObject(""Object Repository/Page_Swag Labs/input_Swag Labs_login-button""))",Chrome 112.0.0.0,,,2023-05-12 15:17:00,2023-05-12 15:17:01,0.441s,PASSED
"click(findTestObject(""Object Repository/inventoryPage/Backpack""))",Chrome 112.0.0.0,,,2023-05-12 15:17:01,2023-05-12 15:17:01,0.486s,PASSED
"click(findTestObject(""Object Repository/inventoryPage/button_Add to cart""))",Chrome 112.0.0.0,,,2023-05-12 15:17:01,2023-05-12 15:17:02,0.465s,PASSED
"click(findTestObject(""Object Repository/inventoryPage/products_back-image""))",Chrome 112.0.0.0,,,2023-05-12 15:17:02,2023-05-12 15:17:02,0.479s,PASSED
"click(findTestObject(""Object Repository/inventoryPage/cart""))",Chrome 112.0.0.0,,,2023-05-12 15:17:02,2023-05-12 15:17:03,0.569s,PASSED
"click(findTestObject(""Object Repository/CheckoutPage/button_Checkout""))",Chrome 112.0.0.0,,,2023-05-12 15:17:03,2023-05-12 15:17:03,0.470s,PASSED
"sendKeys(findTestObject(""Object Repository/checkout-step-one/input_Checkout Your Information_firstName""), ""demo"")",Chrome 112.0.0.0,,,2023-05-12 15:17:03,2023-05-12 15:17:04,0.497s,PASSED
"sendKeys(findTestObject(""Object Repository/checkout-step-one/input_Checkout Your Information_lastName""), ""qa test"")",Chrome 112.0.0.0,,,2023-05-12 15:17:04,2023-05-12 15:17:04,0.525s,PASSED
"sendKeys(findTestObject(""Object Repository/checkout-step-one/input_Checkout Your Information_postalCode""), ""9000"")",Chrome 112.0.0.0,,,2023-05-12 15:17:04,2023-05-12 15:17:05,0.550s,PASSED
"click(findTestObject(""Object Repository/checkout-step-one/input_continue""))",Chrome 112.0.0.0,,,2023-05-12 15:17:05,2023-05-12 15:17:05,0.491s,PASSED
"click(findTestObject(""Object Repository/finish checkout/button_Finish""))",Chrome 112.0.0.0,,,2023-05-12 15:17:05,2023-05-12 15:17:06,0.495s,PASSED
"verifyElementVisible(findTestObject(""Object Repository/order-success/h2_Thank you for your order""))",Chrome 112.0.0.0,,,2023-05-12 15:17:06,2023-05-12 15:17:06,0.498s,PASSED
"click(findTestObject(""Object Repository/NavSideBar/sidebar""))",Chrome 112.0.0.0,,,2023-05-12 15:17:06,2023-05-12 15:17:06,0.393s,PASSED
"click(findTestObject(""Object Repository/NavSideBar/a_Logout""))",Chrome 112.0.0.0,,,2023-05-12 15:17:06,2023-05-12 15:17:07,0.510s,PASSED
"verifyElementVisible(findTestObject(""Object Repository/Page_Swag Labs/input_Swag Labs_user-name""))",Chrome 112.0.0.0,,,2023-05-12 15:17:07,2023-05-12 15:17:07,0.460s,PASSED
closeBrowser(),Chrome 112.0.0.0,,,2023-05-12 15:17:07,2023-05-12 15:17:09,1.566s,PASSED
,,,,,,,
Test Cases/test-flow-1-buy-1-product,Chrome 112.0.0.0,,,2023-05-12 15:17:09,2023-05-12 15:17:21,12.357s,PASSED
"openBrowser(""https://www.saucedemo.com/"")",Chrome 112.0.0.0,,,2023-05-12 15:17:09,2023-05-12 15:17:12,2.510s,PASSED
"click(findTestObject(""Object Repository/Page_Swag Labs/input_Swag Labs_user-name""))",Chrome 112.0.0.0,,,2023-05-12 15:17:12,2023-05-12 15:17:12,0.407s,PASSED
"sendKeys(findTestObject(""Object Repository/Page_Swag Labs/input_Swag Labs_user-name""), ""standard_user"")",Chrome 112.0.0.0,,,2023-05-12 15:17:12,2023-05-12 15:17:12,0.436s,PASSED
"click(findTestObject(""Object Repository/Page_Swag Labs/input_Swag Labs_password""))",Chrome 112.0.0.0,,,2023-05-12 15:17:12,2023-05-12 15:17:13,0.364s,PASSED
"sendKeys(findTestObject(""Object Repository/Page_Swag Labs/input_Swag Labs_password""), ""secret_sauce"")",Chrome 112.0.0.0,,,2023-05-12 15:17:13,2023-05-12 15:17:13,0.343s,PASSED
"click(findTestObject(""Object Repository/Page_Swag Labs/input_Swag Labs_login-button""))",Chrome 112.0.0.0,,,2023-05-12 15:17:13,2023-05-12 15:17:13,0.417s,PASSED
"click(findTestObject(""Object Repository/inventoryPage/Backpack""))",Chrome 112.0.0.0,,,2023-05-12 15:17:13,2023-05-12 15:17:14,0.490s,PASSED
"click(findTestObject(""Object Repository/inventoryPage/button_Add to cart""))",Chrome 112.0.0.0,,,2023-05-12 15:17:14,2023-05-12 15:17:14,0.485s,PASSED
"click(findTestObject(""Object Repository/inventoryPage/products_back-image""))",Chrome 112.0.0.0,,,2023-05-12 15:17:14,2023-05-12 15:17:15,0.471s,PASSED
"click(findTestObject(""Object Repository/inventoryPage/cart""))",Chrome 112.0.0.0,,,2023-05-12 15:17:15,2023-05-12 15:17:15,0.477s,PASSED
"click(findTestObject(""Object Repository/CheckoutPage/button_Checkout""))",Chrome 112.0.0.0,,,2023-05-12 15:17:15,2023-05-12 15:17:16,0.573s,PASSED
"sendKeys(findTestObject(""Object Repository/checkout-step-one/input_Checkout Your Information_firstName""), ""demo"")",Chrome 112.0.0.0,,,2023-05-12 15:17:16,2023-05-12 15:17:16,0.495s,PASSED
"sendKeys(findTestObject(""Object Repository/checkout-step-one/input_Checkout Your Information_lastName""), ""qa test"")",Chrome 112.0.0.0,,,2023-05-12 15:17:16,2023-05-12 15:17:17,0.489s,PASSED
"sendKeys(findTestObject(""Object Repository/checkout-step-one/input_Checkout Your Information_postalCode""), ""9000"")",Chrome 112.0.0.0,,,2023-05-12 15:17:17,2023-05-12 15:17:18,0.564s,PASSED
"click(findTestObject(""Object Repository/checkout-step-one/input_continue""))",Chrome 112.0.0.0,,,2023-05-12 15:17:18,2023-05-12 15:17:18,0.576s,PASSED
"click(findTestObject(""Object Repository/finish checkout/button_Finish""))",Chrome 112.0.0.0,,,2023-05-12 15:17:18,2023-05-12 15:17:19,0.562s,PASSED
"verifyElementVisible(findTestObject(""Object Repository/order-success/h2_Thank you for your order""))",Chrome 112.0.0.0,,,2023-05-12 15:17:19,2023-05-12 15:17:19,0.440s,PASSED
"click(findTestObject(""Object Repository/NavSideBar/sidebar""))",Chrome 112.0.0.0,,,2023-05-12 15:17:19,2023-05-12 15:17:19,0.349s,PASSED
"click(findTestObject(""Object Repository/NavSideBar/a_Logout""))",Chrome 112.0.0.0,,,2023-05-12 15:17:19,2023-05-12 15:17:20,0.551s,PASSED
"verifyElementVisible(findTestObject(""Object Repository/Page_Swag Labs/input_Swag Labs_user-name""))",Chrome 112.0.0.0,,,2023-05-12 15:17:20,2023-05-12 15:17:21,0.538s,PASSED
closeBrowser(),Chrome 112.0.0.0,,,2023-05-12 15:17:21,2023-05-12 15:17:21,0.812s,PASSED
,,,,,,,
Test Cases/test-flow-1-buy-1-product,Chrome 112.0.0.0,,,2023-05-12 15:17:21,2023-05-12 15:17:33,12.014s,PASSED
"openBrowser(""https://www.saucedemo.com/"")",Chrome 112.0.0.0,,,2023-05-12 15:17:21,2023-05-12 15:17:24,2.130s,PASSED
"click(findTestObject(""Object Repository/Page_Swag Labs/input_Swag Labs_user-name""))",Chrome 112.0.0.0,,,2023-05-12 15:17:24,2023-05-12 15:17:24,0.347s,PASSED
"sendKeys(findTestObject(""Object Repository/Page_Swag Labs/input_Swag Labs_user-name""), ""standard_user"")",Chrome 112.0.0.0,,,2023-05-12 15:17:24,2023-05-12 15:17:24,0.358s,PASSED
"click(findTestObject(""Object Repository/Page_Swag Labs/input_Swag Labs_password""))",Chrome 112.0.0.0,,,2023-05-12 15:17:24,2023-05-12 15:17:25,0.353s,PASSED
"sendKeys(findTestObject(""Object Repository/Page_Swag Labs/input_Swag Labs_password""), ""secret_sauce"")",Chrome 112.0.0.0,,,2023-05-12 15:17:25,2023-05-12 15:17:25,0.338s,PASSED
"click(findTestObject(""Object Repository/Page_Swag Labs/input_Swag Labs_login-button""))",Chrome 112.0.0.0,,,2023-05-12 15:17:25,2023-05-12 15:17:25,0.396s,PASSED
"click(findTestObject(""Object Repository/inventoryPage/Backpack""))",Chrome 112.0.0.0,,,2023-05-12 15:17:25,2023-05-12 15:17:26,0.472s,PASSED
"click(findTestObject(""Object Repository/inventoryPage/button_Add to cart""))",Chrome 112.0.0.0,,,2023-05-12 15:17:26,2023-05-12 15:17:26,0.462s,PASSED
"click(findTestObject(""Object Repository/inventoryPage/products_back-image""))",Chrome 112.0.0.0,,,2023-05-12 15:17:26,2023-05-12 15:17:27,0.473s,PASSED
"click(findTestObject(""Object Repository/inventoryPage/cart""))",Chrome 112.0.0.0,,,2023-05-12 15:17:27,2023-05-12 15:17:27,0.570s,PASSED
"click(findTestObject(""Object Repository/CheckoutPage/button_Checkout""))",Chrome 112.0.0.0,,,2023-05-12 15:17:27,2023-05-12 15:17:28,0.571s,PASSED
"sendKeys(findTestObject(""Object Repository/checkout-step-one/input_Checkout Your Information_firstName""), ""demo"")",Chrome 112.0.0.0,,,2023-05-12 15:17:28,2023-05-12 15:17:28,0.484s,PASSED
"sendKeys(findTestObject(""Object Repository/checkout-step-one/input_Checkout Your Information_lastName""), ""qa test"")",Chrome 112.0.0.0,,,2023-05-12 15:17:28,2023-05-12 15:17:29,0.580s,PASSED
"sendKeys(findTestObject(""Object Repository/checkout-step-one/input_Checkout Your Information_postalCode""), ""9000"")",Chrome 112.0.0.0,,,2023-05-12 15:17:29,2023-05-12 15:17:29,0.562s,PASSED
"click(findTestObject(""Object Repository/checkout-step-one/input_continue""))",Chrome 112.0.0.0,,,2023-05-12 15:17:29,2023-05-12 15:17:30,0.577s,PASSED
"click(findTestObject(""Object Repository/finish checkout/button_Finish""))",Chrome 112.0.0.0,,,2023-05-12 15:17:30,2023-05-12 15:17:31,0.562s,PASSED
"verifyElementVisible(findTestObject(""Object Repository/order-success/h2_Thank you for your order""))",Chrome 112.0.0.0,,,2023-05-12 15:17:31,2023-05-12 15:17:31,0.552s,PASSED
"click(findTestObject(""Object Repository/NavSideBar/sidebar""))",Chrome 112.0.0.0,,,2023-05-12 15:17:31,2023-05-12 15:17:32,0.343s,PASSED
"click(findTestObject(""Object Repository/NavSideBar/a_Logout""))",Chrome 112.0.0.0,,,2023-05-12 15:17:32,2023-05-12 15:17:32,0.557s,PASSED
"verifyElementVisible(findTestObject(""Object Repository/Page_Swag Labs/input_Swag Labs_user-name""))",Chrome 112.0.0.0,,,2023-05-12 15:17:32,2023-05-12 15:17:33,0.539s,PASSED
closeBrowser(),Chrome 112.0.0.0,,,2023-05-12 15:17:33,2023-05-12 15:17:33,0.779s,PASSED
